
DETfiss = [
    1    1    1    1    1    1    1    1    1    1  0.00000E+00 0.00000 
    2    1    1    1    1    1    1    2    1    1  0.00000E+00 0.00000 
    3    1    1    1    1    1    1    3    1    1  0.00000E+00 0.00000 
    4    1    1    1    1    1    1    4    1    1  0.00000E+00 0.00000 
    5    1    1    1    1    1    1    5    1    1  0.00000E+00 0.00000 
    6    1    1    1    1    1    1    6    1    1  0.00000E+00 0.00000 
    7    1    1    1    1    1    1    7    1    1  0.00000E+00 0.00000 
    8    1    1    1    1    1    1    8    1    1  0.00000E+00 0.00000 
    9    1    1    1    1    1    1    9    1    1  4.07372E+04 0.03872 
   10    1    1    1    1    1    1   10    1    1  6.28303E+04 0.02783 
   11    1    1    1    1    1    1   11    1    1  7.94223E+04 0.02345 
   12    1    1    1    1    1    1   12    1    1  9.71548E+04 0.01877 
   13    1    1    1    1    1    1   13    1    1  1.20502E+05 0.01735 
   14    1    1    1    1    1    1   14    1    1  1.38448E+05 0.01782 
   15    1    1    1    1    1    1   15    1    1  1.50347E+05 0.02155 
   16    1    1    1    1    1    1   16    1    1  1.61553E+05 0.01511 
   17    1    1    1    1    1    1   17    1    1  1.73302E+05 0.01434 
   18    1    1    1    1    1    1   18    1    1  1.79214E+05 0.01419 
   19    1    1    1    1    1    1   19    1    1  1.79854E+05 0.01223 
   20    1    1    1    1    1    1   20    1    1  1.83849E+05 0.01448 
   21    1    1    1    1    1    1   21    1    1  1.70361E+05 0.00987 
   22    1    1    1    1    1    1   22    1    1  1.70367E+05 0.01211 
   23    1    1    1    1    1    1   23    1    1  1.66756E+05 0.01515 
   24    1    1    1    1    1    1   24    1    1  1.62166E+05 0.01390 
   25    1    1    1    1    1    1   25    1    1  1.60412E+05 0.01562 
   26    1    1    1    1    1    1   26    1    1  1.60934E+05 0.01184 
   27    1    1    1    1    1    1   27    1    1  1.58248E+05 0.01434 
   28    1    1    1    1    1    1   28    1    1  1.51473E+05 0.01123 
   29    1    1    1    1    1    1   29    1    1  1.45905E+05 0.01205 
   30    1    1    1    1    1    1   30    1    1  1.41996E+05 0.01432 
   31    1    1    1    1    1    1   31    1    1  1.42152E+05 0.01559 
   32    1    1    1    1    1    1   32    1    1  1.40355E+05 0.01766 
   33    1    1    1    1    1    1   33    1    1  1.38703E+05 0.01337 
   34    1    1    1    1    1    1   34    1    1  1.37125E+05 0.01833 
   35    1    1    1    1    1    1   35    1    1  1.37487E+05 0.01769 
   36    1    1    1    1    1    1   36    1    1  1.34908E+05 0.01894 
   37    1    1    1    1    1    1   37    1    1  1.33919E+05 0.01853 
   38    1    1    1    1    1    1   38    1    1  1.29167E+05 0.01797 
   39    1    1    1    1    1    1   39    1    1  1.30917E+05 0.02599 
   40    1    1    1    1    1    1   40    1    1  1.30512E+05 0.02082 
   41    1    1    1    1    1    1   41    1    1  1.29966E+05 0.02292 
   42    1    1    1    1    1    1   42    1    1  1.21484E+05 0.01652 
   43    1    1    1    1    1    1   43    1    1  1.23977E+05 0.01825 
   44    1    1    1    1    1    1   44    1    1  1.21274E+05 0.01701 
   45    1    1    1    1    1    1   45    1    1  1.19628E+05 0.01794 
   46    1    1    1    1    1    1   46    1    1  1.20158E+05 0.01498 
   47    1    1    1    1    1    1   47    1    1  1.24547E+05 0.01567 
   48    1    1    1    1    1    1   48    1    1  1.23713E+05 0.01484 
   49    1    1    1    1    1    1   49    1    1  1.21600E+05 0.01395 
   50    1    1    1    1    1    1   50    1    1  1.22036E+05 0.01675 
   51    1    1    1    1    1    1   51    1    1  1.19845E+05 0.02191 
   52    1    1    1    1    1    1   52    1    1  1.20315E+05 0.01527 
   53    1    1    1    1    1    1   53    1    1  1.19414E+05 0.01602 
   54    1    1    1    1    1    1   54    1    1  1.20958E+05 0.01580 
   55    1    1    1    1    1    1   55    1    1  1.19446E+05 0.01812 
   56    1    1    1    1    1    1   56    1    1  1.15806E+05 0.01140 
   57    1    1    1    1    1    1   57    1    1  1.14419E+05 0.02023 
   58    1    1    1    1    1    1   58    1    1  1.11099E+05 0.01772 
   59    1    1    1    1    1    1   59    1    1  1.09591E+05 0.02121 
   60    1    1    1    1    1    1   60    1    1  1.10751E+05 0.01624 
   61    1    1    1    1    1    1   61    1    1  1.07015E+05 0.01553 
   62    1    1    1    1    1    1   62    1    1  1.06173E+05 0.01760 
   63    1    1    1    1    1    1   63    1    1  1.02646E+05 0.01117 
   64    1    1    1    1    1    1   64    1    1  1.01425E+05 0.01422 
   65    1    1    1    1    1    1   65    1    1  9.54932E+04 0.01557 
   66    1    1    1    1    1    1   66    1    1  9.56046E+04 0.01360 
   67    1    1    1    1    1    1   67    1    1  9.43453E+04 0.01801 
   68    1    1    1    1    1    1   68    1    1  9.25764E+04 0.02479 
   69    1    1    1    1    1    1   69    1    1  9.02283E+04 0.01775 
   70    1    1    1    1    1    1   70    1    1  9.04980E+04 0.01982 
   71    1    1    1    1    1    1   71    1    1  9.06767E+04 0.02017 
   72    1    1    1    1    1    1   72    1    1  8.94995E+04 0.01936 
   73    1    1    1    1    1    1   73    1    1  9.07954E+04 0.02491 
   74    1    1    1    1    1    1   74    1    1  8.48271E+04 0.01814 
   75    1    1    1    1    1    1   75    1    1  8.99522E+04 0.02645 
   76    1    1    1    1    1    1   76    1    1  8.67896E+04 0.02820 
   77    1    1    1    1    1    1   77    1    1  8.59284E+04 0.02819 
   78    1    1    1    1    1    1   78    1    1  8.55564E+04 0.02259 
   79    1    1    1    1    1    1   79    1    1  8.59523E+04 0.02353 
   80    1    1    1    1    1    1   80    1    1  9.08338E+04 0.02735 
   81    1    1    1    1    1    1   81    1    1  9.59474E+04 0.02039 
   82    1    1    1    1    1    1   82    1    1  9.60446E+04 0.02359 
   83    1    1    1    1    1    1   83    1    1  9.36762E+04 0.02267 
   84    1    1    1    1    1    1   84    1    1  9.33184E+04 0.02855 
   85    1    1    1    1    1    1   85    1    1  8.65893E+04 0.02825 
   86    1    1    1    1    1    1   86    1    1  8.06002E+04 0.02537 
   87    1    1    1    1    1    1   87    1    1  7.32348E+04 0.03103 
   88    1    1    1    1    1    1   88    1    1  6.83181E+04 0.03348 
   89    1    1    1    1    1    1   89    1    1  5.85643E+04 0.02527 
   90    1    1    1    1    1    1   90    1    1  4.82816E+04 0.03579 
   91    1    1    1    1    1    1   91    1    1  3.81697E+04 0.02515 
   92    1    1    1    1    1    1   92    1    1  2.47231E+04 0.03643 
   93    1    1    1    1    1    1   93    1    1  0.00000E+00 0.00000 
   94    1    1    1    1    1    1   94    1    1  0.00000E+00 0.00000 
   95    1    1    1    1    1    1   95    1    1  0.00000E+00 0.00000 
   96    1    1    1    1    1    1   96    1    1  0.00000E+00 0.00000 
   97    1    1    1    1    1    1   97    1    1  0.00000E+00 0.00000 
   98    1    1    1    1    1    1   98    1    1  0.00000E+00 0.00000 
   99    1    1    1    1    1    1   99    1    1  0.00000E+00 0.00000 
  100    1    1    1    1    1    1  100    1    1  0.00000E+00 0.00000 
];


DETfissR = [
 0.00000E+00  0.00000E+00  0.00000E+00
];

DETfissPHI = [
 0.00000E+00  0.00000E+00  0.00000E+00
];

