
DETfiss = [
    1    1    1    1    1    1    1    1    1    1  0.00000E+00 0.00000 
    2    1    1    1    1    1    1    2    1    1  0.00000E+00 0.00000 
    3    1    1    1    1    1    1    3    1    1  0.00000E+00 0.00000 
    4    1    1    1    1    1    1    4    1    1  0.00000E+00 0.00000 
    5    1    1    1    1    1    1    5    1    1  0.00000E+00 0.00000 
    6    1    1    1    1    1    1    6    1    1  0.00000E+00 0.00000 
    7    1    1    1    1    1    1    7    1    1  0.00000E+00 0.00000 
    8    1    1    1    1    1    1    8    1    1  0.00000E+00 0.00000 
    9    1    1    1    1    1    1    9    1    1  2.47623E+04 0.03954 
   10    1    1    1    1    1    1   10    1    1  3.95038E+04 0.03275 
   11    1    1    1    1    1    1   11    1    1  5.41525E+04 0.03074 
   12    1    1    1    1    1    1   12    1    1  6.25616E+04 0.03485 
   13    1    1    1    1    1    1   13    1    1  7.46937E+04 0.01821 
   14    1    1    1    1    1    1   14    1    1  8.63707E+04 0.02090 
   15    1    1    1    1    1    1   15    1    1  9.65612E+04 0.02549 
   16    1    1    1    1    1    1   16    1    1  1.03642E+05 0.02158 
   17    1    1    1    1    1    1   17    1    1  1.10512E+05 0.01579 
   18    1    1    1    1    1    1   18    1    1  1.19956E+05 0.01791 
   19    1    1    1    1    1    1   19    1    1  1.21449E+05 0.01492 
   20    1    1    1    1    1    1   20    1    1  1.27033E+05 0.01461 
   21    1    1    1    1    1    1   21    1    1  1.23998E+05 0.01784 
   22    1    1    1    1    1    1   22    1    1  1.19396E+05 0.01726 
   23    1    1    1    1    1    1   23    1    1  1.25980E+05 0.01300 
   24    1    1    1    1    1    1   24    1    1  1.29304E+05 0.01226 
   25    1    1    1    1    1    1   25    1    1  1.30955E+05 0.01348 
   26    1    1    1    1    1    1   26    1    1  1.34165E+05 0.01629 
   27    1    1    1    1    1    1   27    1    1  1.32357E+05 0.01708 
   28    1    1    1    1    1    1   28    1    1  1.37298E+05 0.01762 
   29    1    1    1    1    1    1   29    1    1  1.40436E+05 0.01556 
   30    1    1    1    1    1    1   30    1    1  1.36216E+05 0.02011 
   31    1    1    1    1    1    1   31    1    1  1.42261E+05 0.01357 
   32    1    1    1    1    1    1   32    1    1  1.37394E+05 0.01334 
   33    1    1    1    1    1    1   33    1    1  1.45224E+05 0.01359 
   34    1    1    1    1    1    1   34    1    1  1.44960E+05 0.01758 
   35    1    1    1    1    1    1   35    1    1  1.45313E+05 0.01845 
   36    1    1    1    1    1    1   36    1    1  1.44464E+05 0.01370 
   37    1    1    1    1    1    1   37    1    1  1.44162E+05 0.01754 
   38    1    1    1    1    1    1   38    1    1  1.50471E+05 0.01573 
   39    1    1    1    1    1    1   39    1    1  1.52361E+05 0.01366 
   40    1    1    1    1    1    1   40    1    1  1.55689E+05 0.01446 
   41    1    1    1    1    1    1   41    1    1  1.49969E+05 0.01162 
   42    1    1    1    1    1    1   42    1    1  1.57533E+05 0.01396 
   43    1    1    1    1    1    1   43    1    1  1.55560E+05 0.01248 
   44    1    1    1    1    1    1   44    1    1  1.51982E+05 0.01195 
   45    1    1    1    1    1    1   45    1    1  1.59602E+05 0.00852 
   46    1    1    1    1    1    1   46    1    1  1.52206E+05 0.01233 
   47    1    1    1    1    1    1   47    1    1  1.54871E+05 0.01672 
   48    1    1    1    1    1    1   48    1    1  1.51830E+05 0.01585 
   49    1    1    1    1    1    1   49    1    1  1.49451E+05 0.01569 
   50    1    1    1    1    1    1   50    1    1  1.47403E+05 0.01716 
   51    1    1    1    1    1    1   51    1    1  1.45054E+05 0.01363 
   52    1    1    1    1    1    1   52    1    1  1.40761E+05 0.01390 
   53    1    1    1    1    1    1   53    1    1  1.35701E+05 0.01310 
   54    1    1    1    1    1    1   54    1    1  1.37414E+05 0.01326 
   55    1    1    1    1    1    1   55    1    1  1.30204E+05 0.01826 
   56    1    1    1    1    1    1   56    1    1  1.28060E+05 0.01862 
   57    1    1    1    1    1    1   57    1    1  1.24888E+05 0.01574 
   58    1    1    1    1    1    1   58    1    1  1.19650E+05 0.01672 
   59    1    1    1    1    1    1   59    1    1  1.20823E+05 0.01849 
   60    1    1    1    1    1    1   60    1    1  1.15025E+05 0.02516 
   61    1    1    1    1    1    1   61    1    1  1.13609E+05 0.01883 
   62    1    1    1    1    1    1   62    1    1  1.10505E+05 0.01551 
   63    1    1    1    1    1    1   63    1    1  1.08788E+05 0.01405 
   64    1    1    1    1    1    1   64    1    1  1.09146E+05 0.01311 
   65    1    1    1    1    1    1   65    1    1  1.04417E+05 0.01713 
   66    1    1    1    1    1    1   66    1    1  1.07191E+05 0.01715 
   67    1    1    1    1    1    1   67    1    1  1.05258E+05 0.01853 
   68    1    1    1    1    1    1   68    1    1  1.04654E+05 0.01978 
   69    1    1    1    1    1    1   69    1    1  1.03509E+05 0.01891 
   70    1    1    1    1    1    1   70    1    1  9.93527E+04 0.01437 
   71    1    1    1    1    1    1   71    1    1  9.86005E+04 0.02396 
   72    1    1    1    1    1    1   72    1    1  1.01609E+05 0.01861 
   73    1    1    1    1    1    1   73    1    1  9.84787E+04 0.01728 
   74    1    1    1    1    1    1   74    1    1  9.87149E+04 0.02208 
   75    1    1    1    1    1    1   75    1    1  9.98298E+04 0.01539 
   76    1    1    1    1    1    1   76    1    1  9.81932E+04 0.02278 
   77    1    1    1    1    1    1   77    1    1  9.85661E+04 0.01650 
   78    1    1    1    1    1    1   78    1    1  1.01042E+05 0.01458 
   79    1    1    1    1    1    1   79    1    1  1.02504E+05 0.01771 
   80    1    1    1    1    1    1   80    1    1  1.03669E+05 0.01914 
   81    1    1    1    1    1    1   81    1    1  1.05777E+05 0.01558 
   82    1    1    1    1    1    1   82    1    1  1.06300E+05 0.01764 
   83    1    1    1    1    1    1   83    1    1  1.02385E+05 0.01323 
   84    1    1    1    1    1    1   84    1    1  9.79711E+04 0.02219 
   85    1    1    1    1    1    1   85    1    1  9.51498E+04 0.01700 
   86    1    1    1    1    1    1   86    1    1  8.85655E+04 0.01406 
   87    1    1    1    1    1    1   87    1    1  7.81906E+04 0.02546 
   88    1    1    1    1    1    1   88    1    1  7.17517E+04 0.02301 
   89    1    1    1    1    1    1   89    1    1  6.31975E+04 0.01983 
   90    1    1    1    1    1    1   90    1    1  4.99702E+04 0.01729 
   91    1    1    1    1    1    1   91    1    1  3.94466E+04 0.02359 
   92    1    1    1    1    1    1   92    1    1  2.74546E+04 0.03434 
   93    1    1    1    1    1    1   93    1    1  0.00000E+00 0.00000 
   94    1    1    1    1    1    1   94    1    1  0.00000E+00 0.00000 
   95    1    1    1    1    1    1   95    1    1  0.00000E+00 0.00000 
   96    1    1    1    1    1    1   96    1    1  0.00000E+00 0.00000 
   97    1    1    1    1    1    1   97    1    1  0.00000E+00 0.00000 
   98    1    1    1    1    1    1   98    1    1  0.00000E+00 0.00000 
   99    1    1    1    1    1    1   99    1    1  0.00000E+00 0.00000 
  100    1    1    1    1    1    1  100    1    1  0.00000E+00 0.00000 
];


DETfissR = [
 0.00000E+00  0.00000E+00  0.00000E+00
];

DETfissPHI = [
 0.00000E+00  0.00000E+00  0.00000E+00
];

