
DETfiss = [
    1    1    1    1    1    1    1    1    1    1  0.00000E+00 0.00000 
    2    1    1    1    1    1    1    2    1    1  0.00000E+00 0.00000 
    3    1    1    1    1    1    1    3    1    1  0.00000E+00 0.00000 
    4    1    1    1    1    1    1    4    1    1  0.00000E+00 0.00000 
    5    1    1    1    1    1    1    5    1    1  0.00000E+00 0.00000 
    6    1    1    1    1    1    1    6    1    1  0.00000E+00 0.00000 
    7    1    1    1    1    1    1    7    1    1  0.00000E+00 0.00000 
    8    1    1    1    1    1    1    8    1    1  0.00000E+00 0.00000 
    9    1    1    1    1    1    1    9    1    1  2.38925E+04 0.03177 
   10    1    1    1    1    1    1   10    1    1  3.90684E+04 0.03742 
   11    1    1    1    1    1    1   11    1    1  5.23817E+04 0.02921 
   12    1    1    1    1    1    1   12    1    1  6.26552E+04 0.02398 
   13    1    1    1    1    1    1   13    1    1  7.07435E+04 0.02116 
   14    1    1    1    1    1    1   14    1    1  8.78988E+04 0.01894 
   15    1    1    1    1    1    1   15    1    1  9.58448E+04 0.02367 
   16    1    1    1    1    1    1   16    1    1  1.04142E+05 0.01786 
   17    1    1    1    1    1    1   17    1    1  1.12483E+05 0.01593 
   18    1    1    1    1    1    1   18    1    1  1.20307E+05 0.01563 
   19    1    1    1    1    1    1   19    1    1  1.21981E+05 0.01664 
   20    1    1    1    1    1    1   20    1    1  1.26332E+05 0.01780 
   21    1    1    1    1    1    1   21    1    1  1.23837E+05 0.01330 
   22    1    1    1    1    1    1   22    1    1  1.25376E+05 0.01852 
   23    1    1    1    1    1    1   23    1    1  1.30952E+05 0.01471 
   24    1    1    1    1    1    1   24    1    1  1.31289E+05 0.01743 
   25    1    1    1    1    1    1   25    1    1  1.26298E+05 0.02057 
   26    1    1    1    1    1    1   26    1    1  1.29064E+05 0.02279 
   27    1    1    1    1    1    1   27    1    1  1.35284E+05 0.01819 
   28    1    1    1    1    1    1   28    1    1  1.31940E+05 0.01779 
   29    1    1    1    1    1    1   29    1    1  1.34920E+05 0.01504 
   30    1    1    1    1    1    1   30    1    1  1.39315E+05 0.01982 
   31    1    1    1    1    1    1   31    1    1  1.39175E+05 0.01450 
   32    1    1    1    1    1    1   32    1    1  1.39235E+05 0.01364 
   33    1    1    1    1    1    1   33    1    1  1.45817E+05 0.01003 
   34    1    1    1    1    1    1   34    1    1  1.44813E+05 0.01390 
   35    1    1    1    1    1    1   35    1    1  1.42580E+05 0.01466 
   36    1    1    1    1    1    1   36    1    1  1.37009E+05 0.01598 
   37    1    1    1    1    1    1   37    1    1  1.35922E+05 0.01396 
   38    1    1    1    1    1    1   38    1    1  1.32654E+05 0.01393 
   39    1    1    1    1    1    1   39    1    1  1.34178E+05 0.01826 
   40    1    1    1    1    1    1   40    1    1  1.31669E+05 0.01841 
   41    1    1    1    1    1    1   41    1    1  1.29391E+05 0.01275 
   42    1    1    1    1    1    1   42    1    1  1.29794E+05 0.01800 
   43    1    1    1    1    1    1   43    1    1  1.25913E+05 0.01455 
   44    1    1    1    1    1    1   44    1    1  1.24745E+05 0.01521 
   45    1    1    1    1    1    1   45    1    1  1.23174E+05 0.01372 
   46    1    1    1    1    1    1   46    1    1  1.20322E+05 0.00856 
   47    1    1    1    1    1    1   47    1    1  1.11831E+05 0.01330 
   48    1    1    1    1    1    1   48    1    1  1.12360E+05 0.01838 
   49    1    1    1    1    1    1   49    1    1  1.12356E+05 0.01697 
   50    1    1    1    1    1    1   50    1    1  1.12789E+05 0.02325 
   51    1    1    1    1    1    1   51    1    1  1.15608E+05 0.02105 
   52    1    1    1    1    1    1   52    1    1  1.18310E+05 0.02007 
   53    1    1    1    1    1    1   53    1    1  1.13978E+05 0.01895 
   54    1    1    1    1    1    1   54    1    1  1.15279E+05 0.01940 
   55    1    1    1    1    1    1   55    1    1  1.15244E+05 0.02661 
   56    1    1    1    1    1    1   56    1    1  1.14014E+05 0.02462 
   57    1    1    1    1    1    1   57    1    1  1.13419E+05 0.01654 
   58    1    1    1    1    1    1   58    1    1  1.17491E+05 0.01853 
   59    1    1    1    1    1    1   59    1    1  1.14910E+05 0.01747 
   60    1    1    1    1    1    1   60    1    1  1.19015E+05 0.02238 
   61    1    1    1    1    1    1   61    1    1  1.21119E+05 0.02065 
   62    1    1    1    1    1    1   62    1    1  1.20355E+05 0.01809 
   63    1    1    1    1    1    1   63    1    1  1.19271E+05 0.01768 
   64    1    1    1    1    1    1   64    1    1  1.22068E+05 0.01500 
   65    1    1    1    1    1    1   65    1    1  1.22439E+05 0.01596 
   66    1    1    1    1    1    1   66    1    1  1.29886E+05 0.01162 
   67    1    1    1    1    1    1   67    1    1  1.29292E+05 0.01562 
   68    1    1    1    1    1    1   68    1    1  1.24284E+05 0.01392 
   69    1    1    1    1    1    1   69    1    1  1.24701E+05 0.01642 
   70    1    1    1    1    1    1   70    1    1  1.23485E+05 0.01655 
   71    1    1    1    1    1    1   71    1    1  1.21872E+05 0.01375 
   72    1    1    1    1    1    1   72    1    1  1.26219E+05 0.01239 
   73    1    1    1    1    1    1   73    1    1  1.28568E+05 0.01481 
   74    1    1    1    1    1    1   74    1    1  1.28216E+05 0.01516 
   75    1    1    1    1    1    1   75    1    1  1.30675E+05 0.01970 
   76    1    1    1    1    1    1   76    1    1  1.28123E+05 0.01671 
   77    1    1    1    1    1    1   77    1    1  1.29078E+05 0.01261 
   78    1    1    1    1    1    1   78    1    1  1.25759E+05 0.01710 
   79    1    1    1    1    1    1   79    1    1  1.28570E+05 0.01723 
   80    1    1    1    1    1    1   80    1    1  1.22192E+05 0.01607 
   81    1    1    1    1    1    1   81    1    1  1.28551E+05 0.01724 
   82    1    1    1    1    1    1   82    1    1  1.23942E+05 0.01975 
   83    1    1    1    1    1    1   83    1    1  1.20538E+05 0.02042 
   84    1    1    1    1    1    1   84    1    1  1.12252E+05 0.02160 
   85    1    1    1    1    1    1   85    1    1  1.06695E+05 0.01716 
   86    1    1    1    1    1    1   86    1    1  9.79664E+04 0.01685 
   87    1    1    1    1    1    1   87    1    1  8.78396E+04 0.02008 
   88    1    1    1    1    1    1   88    1    1  7.87234E+04 0.01647 
   89    1    1    1    1    1    1   89    1    1  6.39238E+04 0.01996 
   90    1    1    1    1    1    1   90    1    1  5.17785E+04 0.02286 
   91    1    1    1    1    1    1   91    1    1  4.09680E+04 0.03270 
   92    1    1    1    1    1    1   92    1    1  2.70337E+04 0.03495 
   93    1    1    1    1    1    1   93    1    1  0.00000E+00 0.00000 
   94    1    1    1    1    1    1   94    1    1  0.00000E+00 0.00000 
   95    1    1    1    1    1    1   95    1    1  0.00000E+00 0.00000 
   96    1    1    1    1    1    1   96    1    1  0.00000E+00 0.00000 
   97    1    1    1    1    1    1   97    1    1  0.00000E+00 0.00000 
   98    1    1    1    1    1    1   98    1    1  0.00000E+00 0.00000 
   99    1    1    1    1    1    1   99    1    1  0.00000E+00 0.00000 
  100    1    1    1    1    1    1  100    1    1  0.00000E+00 0.00000 
];


DETfissR = [
 0.00000E+00  0.00000E+00  0.00000E+00
];

DETfissPHI = [
 0.00000E+00  0.00000E+00  0.00000E+00
];

