
DETfiss = [
    1    1    1    1    1    1    1    1    1    1  0.00000E+00 0.00000 
    2    1    1    1    1    1    1    2    1    1  0.00000E+00 0.00000 
    3    1    1    1    1    1    1    3    1    1  0.00000E+00 0.00000 
    4    1    1    1    1    1    1    4    1    1  0.00000E+00 0.00000 
    5    1    1    1    1    1    1    5    1    1  0.00000E+00 0.00000 
    6    1    1    1    1    1    1    6    1    1  0.00000E+00 0.00000 
    7    1    1    1    1    1    1    7    1    1  0.00000E+00 0.00000 
    8    1    1    1    1    1    1    8    1    1  0.00000E+00 0.00000 
    9    1    1    1    1    1    1    9    1    1  1.40040E+04 0.05231 
   10    1    1    1    1    1    1   10    1    1  2.32495E+04 0.04962 
   11    1    1    1    1    1    1   11    1    1  3.25031E+04 0.04075 
   12    1    1    1    1    1    1   12    1    1  4.07545E+04 0.03641 
   13    1    1    1    1    1    1   13    1    1  5.00209E+04 0.02422 
   14    1    1    1    1    1    1   14    1    1  5.90787E+04 0.02975 
   15    1    1    1    1    1    1   15    1    1  6.71172E+04 0.02290 
   16    1    1    1    1    1    1   16    1    1  7.33980E+04 0.02385 
   17    1    1    1    1    1    1   17    1    1  8.59786E+04 0.02319 
   18    1    1    1    1    1    1   18    1    1  9.09095E+04 0.01546 
   19    1    1    1    1    1    1   19    1    1  9.54706E+04 0.01692 
   20    1    1    1    1    1    1   20    1    1  1.05788E+05 0.01314 
   21    1    1    1    1    1    1   21    1    1  1.11801E+05 0.01489 
   22    1    1    1    1    1    1   22    1    1  1.13260E+05 0.01749 
   23    1    1    1    1    1    1   23    1    1  1.20897E+05 0.02175 
   24    1    1    1    1    1    1   24    1    1  1.24292E+05 0.01473 
   25    1    1    1    1    1    1   25    1    1  1.25285E+05 0.01593 
   26    1    1    1    1    1    1   26    1    1  1.29838E+05 0.01622 
   27    1    1    1    1    1    1   27    1    1  1.30897E+05 0.01313 
   28    1    1    1    1    1    1   28    1    1  1.33237E+05 0.01417 
   29    1    1    1    1    1    1   29    1    1  1.34505E+05 0.01333 
   30    1    1    1    1    1    1   30    1    1  1.37267E+05 0.01556 
   31    1    1    1    1    1    1   31    1    1  1.41379E+05 0.01381 
   32    1    1    1    1    1    1   32    1    1  1.40190E+05 0.01315 
   33    1    1    1    1    1    1   33    1    1  1.44323E+05 0.01706 
   34    1    1    1    1    1    1   34    1    1  1.46046E+05 0.01241 
   35    1    1    1    1    1    1   35    1    1  1.47383E+05 0.01606 
   36    1    1    1    1    1    1   36    1    1  1.50510E+05 0.01347 
   37    1    1    1    1    1    1   37    1    1  1.52404E+05 0.01332 
   38    1    1    1    1    1    1   38    1    1  1.55269E+05 0.01484 
   39    1    1    1    1    1    1   39    1    1  1.53843E+05 0.01183 
   40    1    1    1    1    1    1   40    1    1  1.59227E+05 0.01425 
   41    1    1    1    1    1    1   41    1    1  1.63931E+05 0.02150 
   42    1    1    1    1    1    1   42    1    1  1.61628E+05 0.01641 
   43    1    1    1    1    1    1   43    1    1  1.63691E+05 0.01365 
   44    1    1    1    1    1    1   44    1    1  1.66795E+05 0.01011 
   45    1    1    1    1    1    1   45    1    1  1.60334E+05 0.01559 
   46    1    1    1    1    1    1   46    1    1  1.58894E+05 0.01446 
   47    1    1    1    1    1    1   47    1    1  1.57113E+05 0.01448 
   48    1    1    1    1    1    1   48    1    1  1.58549E+05 0.01438 
   49    1    1    1    1    1    1   49    1    1  1.54224E+05 0.01706 
   50    1    1    1    1    1    1   50    1    1  1.54578E+05 0.01514 
   51    1    1    1    1    1    1   51    1    1  1.55907E+05 0.00773 
   52    1    1    1    1    1    1   52    1    1  1.54187E+05 0.01519 
   53    1    1    1    1    1    1   53    1    1  1.53696E+05 0.01539 
   54    1    1    1    1    1    1   54    1    1  1.52426E+05 0.01385 
   55    1    1    1    1    1    1   55    1    1  1.47506E+05 0.01277 
   56    1    1    1    1    1    1   56    1    1  1.50462E+05 0.01613 
   57    1    1    1    1    1    1   57    1    1  1.49025E+05 0.01128 
   58    1    1    1    1    1    1   58    1    1  1.51431E+05 0.01232 
   59    1    1    1    1    1    1   59    1    1  1.45055E+05 0.01621 
   60    1    1    1    1    1    1   60    1    1  1.40010E+05 0.01633 
   61    1    1    1    1    1    1   61    1    1  1.41363E+05 0.01339 
   62    1    1    1    1    1    1   62    1    1  1.39702E+05 0.01704 
   63    1    1    1    1    1    1   63    1    1  1.37225E+05 0.01663 
   64    1    1    1    1    1    1   64    1    1  1.33606E+05 0.01488 
   65    1    1    1    1    1    1   65    1    1  1.34142E+05 0.01720 
   66    1    1    1    1    1    1   66    1    1  1.27657E+05 0.01369 
   67    1    1    1    1    1    1   67    1    1  1.27226E+05 0.01710 
   68    1    1    1    1    1    1   68    1    1  1.23585E+05 0.02150 
   69    1    1    1    1    1    1   69    1    1  1.24940E+05 0.01447 
   70    1    1    1    1    1    1   70    1    1  1.19021E+05 0.02616 
   71    1    1    1    1    1    1   71    1    1  1.18523E+05 0.01473 
   72    1    1    1    1    1    1   72    1    1  1.16633E+05 0.01798 
   73    1    1    1    1    1    1   73    1    1  1.14275E+05 0.02253 
   74    1    1    1    1    1    1   74    1    1  1.13944E+05 0.01905 
   75    1    1    1    1    1    1   75    1    1  1.10922E+05 0.02083 
   76    1    1    1    1    1    1   76    1    1  1.08119E+05 0.02035 
   77    1    1    1    1    1    1   77    1    1  1.05073E+05 0.01861 
   78    1    1    1    1    1    1   78    1    1  1.01972E+05 0.01800 
   79    1    1    1    1    1    1   79    1    1  9.76891E+04 0.01779 
   80    1    1    1    1    1    1   80    1    1  9.30141E+04 0.02518 
   81    1    1    1    1    1    1   81    1    1  8.76999E+04 0.02272 
   82    1    1    1    1    1    1   82    1    1  7.89365E+04 0.02699 
   83    1    1    1    1    1    1   83    1    1  7.71268E+04 0.02222 
   84    1    1    1    1    1    1   84    1    1  6.87145E+04 0.01765 
   85    1    1    1    1    1    1   85    1    1  6.16382E+04 0.01958 
   86    1    1    1    1    1    1   86    1    1  6.18149E+04 0.02509 
   87    1    1    1    1    1    1   87    1    1  5.06210E+04 0.02257 
   88    1    1    1    1    1    1   88    1    1  4.26944E+04 0.01878 
   89    1    1    1    1    1    1   89    1    1  3.74680E+04 0.03119 
   90    1    1    1    1    1    1   90    1    1  3.03032E+04 0.03426 
   91    1    1    1    1    1    1   91    1    1  2.29887E+04 0.03515 
   92    1    1    1    1    1    1   92    1    1  1.71787E+04 0.05679 
   93    1    1    1    1    1    1   93    1    1  0.00000E+00 0.00000 
   94    1    1    1    1    1    1   94    1    1  0.00000E+00 0.00000 
   95    1    1    1    1    1    1   95    1    1  0.00000E+00 0.00000 
   96    1    1    1    1    1    1   96    1    1  0.00000E+00 0.00000 
   97    1    1    1    1    1    1   97    1    1  0.00000E+00 0.00000 
   98    1    1    1    1    1    1   98    1    1  0.00000E+00 0.00000 
   99    1    1    1    1    1    1   99    1    1  0.00000E+00 0.00000 
  100    1    1    1    1    1    1  100    1    1  0.00000E+00 0.00000 
];


DETfissR = [
 0.00000E+00  0.00000E+00  0.00000E+00
];

DETfissPHI = [
 0.00000E+00  0.00000E+00  0.00000E+00
];

