
DETfiss = [
    1    1    1    1    1    1    1    1    1    1  0.00000E+00 0.00000 
    2    1    1    1    1    1    1    2    1    1  0.00000E+00 0.00000 
    3    1    1    1    1    1    1    3    1    1  0.00000E+00 0.00000 
    4    1    1    1    1    1    1    4    1    1  0.00000E+00 0.00000 
    5    1    1    1    1    1    1    5    1    1  0.00000E+00 0.00000 
    6    1    1    1    1    1    1    6    1    1  0.00000E+00 0.00000 
    7    1    1    1    1    1    1    7    1    1  0.00000E+00 0.00000 
    8    1    1    1    1    1    1    8    1    1  0.00000E+00 0.00000 
    9    1    1    1    1    1    1    9    1    1  3.35558E+04 0.03789 
   10    1    1    1    1    1    1   10    1    1  5.55921E+04 0.03196 
   11    1    1    1    1    1    1   11    1    1  7.32543E+04 0.02613 
   12    1    1    1    1    1    1   12    1    1  8.83950E+04 0.02414 
   13    1    1    1    1    1    1   13    1    1  1.03617E+05 0.01527 
   14    1    1    1    1    1    1   14    1    1  1.15856E+05 0.01908 
   15    1    1    1    1    1    1   15    1    1  1.25430E+05 0.01367 
   16    1    1    1    1    1    1   16    1    1  1.34018E+05 0.01655 
   17    1    1    1    1    1    1   17    1    1  1.41419E+05 0.02121 
   18    1    1    1    1    1    1   18    1    1  1.41902E+05 0.02094 
   19    1    1    1    1    1    1   19    1    1  1.43386E+05 0.01877 
   20    1    1    1    1    1    1   20    1    1  1.46999E+05 0.01215 
   21    1    1    1    1    1    1   21    1    1  1.40234E+05 0.01675 
   22    1    1    1    1    1    1   22    1    1  1.38913E+05 0.01443 
   23    1    1    1    1    1    1   23    1    1  1.36068E+05 0.00911 
   24    1    1    1    1    1    1   24    1    1  1.34246E+05 0.01484 
   25    1    1    1    1    1    1   25    1    1  1.33958E+05 0.01327 
   26    1    1    1    1    1    1   26    1    1  1.35062E+05 0.01505 
   27    1    1    1    1    1    1   27    1    1  1.33210E+05 0.01471 
   28    1    1    1    1    1    1   28    1    1  1.35593E+05 0.01129 
   29    1    1    1    1    1    1   29    1    1  1.36606E+05 0.01467 
   30    1    1    1    1    1    1   30    1    1  1.35514E+05 0.01516 
   31    1    1    1    1    1    1   31    1    1  1.29929E+05 0.01802 
   32    1    1    1    1    1    1   32    1    1  1.28792E+05 0.01477 
   33    1    1    1    1    1    1   33    1    1  1.26681E+05 0.01626 
   34    1    1    1    1    1    1   34    1    1  1.28014E+05 0.01740 
   35    1    1    1    1    1    1   35    1    1  1.29363E+05 0.01990 
   36    1    1    1    1    1    1   36    1    1  1.26136E+05 0.01535 
   37    1    1    1    1    1    1   37    1    1  1.23293E+05 0.01965 
   38    1    1    1    1    1    1   38    1    1  1.25455E+05 0.02050 
   39    1    1    1    1    1    1   39    1    1  1.26457E+05 0.01632 
   40    1    1    1    1    1    1   40    1    1  1.27398E+05 0.01249 
   41    1    1    1    1    1    1   41    1    1  1.28965E+05 0.01394 
   42    1    1    1    1    1    1   42    1    1  1.29928E+05 0.01557 
   43    1    1    1    1    1    1   43    1    1  1.31291E+05 0.01909 
   44    1    1    1    1    1    1   44    1    1  1.30871E+05 0.01357 
   45    1    1    1    1    1    1   45    1    1  1.29065E+05 0.01900 
   46    1    1    1    1    1    1   46    1    1  1.29882E+05 0.01429 
   47    1    1    1    1    1    1   47    1    1  1.29726E+05 0.01241 
   48    1    1    1    1    1    1   48    1    1  1.32415E+05 0.01451 
   49    1    1    1    1    1    1   49    1    1  1.32768E+05 0.01413 
   50    1    1    1    1    1    1   50    1    1  1.31230E+05 0.01394 
   51    1    1    1    1    1    1   51    1    1  1.24775E+05 0.01667 
   52    1    1    1    1    1    1   52    1    1  1.20357E+05 0.01323 
   53    1    1    1    1    1    1   53    1    1  1.20430E+05 0.01345 
   54    1    1    1    1    1    1   54    1    1  1.23126E+05 0.01946 
   55    1    1    1    1    1    1   55    1    1  1.17148E+05 0.01347 
   56    1    1    1    1    1    1   56    1    1  1.11985E+05 0.02140 
   57    1    1    1    1    1    1   57    1    1  1.13107E+05 0.01264 
   58    1    1    1    1    1    1   58    1    1  1.09507E+05 0.01461 
   59    1    1    1    1    1    1   59    1    1  1.09184E+05 0.01760 
   60    1    1    1    1    1    1   60    1    1  1.10107E+05 0.01244 
   61    1    1    1    1    1    1   61    1    1  1.05849E+05 0.01900 
   62    1    1    1    1    1    1   62    1    1  1.02927E+05 0.02252 
   63    1    1    1    1    1    1   63    1    1  9.92121E+04 0.02167 
   64    1    1    1    1    1    1   64    1    1  1.01825E+05 0.02257 
   65    1    1    1    1    1    1   65    1    1  1.02905E+05 0.01606 
   66    1    1    1    1    1    1   66    1    1  1.00009E+05 0.01619 
   67    1    1    1    1    1    1   67    1    1  1.00861E+05 0.02120 
   68    1    1    1    1    1    1   68    1    1  1.00804E+05 0.02691 
   69    1    1    1    1    1    1   69    1    1  1.01496E+05 0.02267 
   70    1    1    1    1    1    1   70    1    1  1.02723E+05 0.01654 
   71    1    1    1    1    1    1   71    1    1  1.03083E+05 0.01716 
   72    1    1    1    1    1    1   72    1    1  1.09813E+05 0.01514 
   73    1    1    1    1    1    1   73    1    1  1.09455E+05 0.02156 
   74    1    1    1    1    1    1   74    1    1  1.06775E+05 0.01769 
   75    1    1    1    1    1    1   75    1    1  1.08981E+05 0.01397 
   76    1    1    1    1    1    1   76    1    1  1.08635E+05 0.01753 
   77    1    1    1    1    1    1   77    1    1  1.12381E+05 0.01586 
   78    1    1    1    1    1    1   78    1    1  1.10739E+05 0.01632 
   79    1    1    1    1    1    1   79    1    1  1.12140E+05 0.01722 
   80    1    1    1    1    1    1   80    1    1  1.16294E+05 0.01628 
   81    1    1    1    1    1    1   81    1    1  1.18158E+05 0.01502 
   82    1    1    1    1    1    1   82    1    1  1.19846E+05 0.01864 
   83    1    1    1    1    1    1   83    1    1  1.18507E+05 0.01083 
   84    1    1    1    1    1    1   84    1    1  1.17685E+05 0.01368 
   85    1    1    1    1    1    1   85    1    1  1.10858E+05 0.02057 
   86    1    1    1    1    1    1   86    1    1  1.06289E+05 0.02251 
   87    1    1    1    1    1    1   87    1    1  9.67500E+04 0.02254 
   88    1    1    1    1    1    1   88    1    1  8.53623E+04 0.01690 
   89    1    1    1    1    1    1   89    1    1  7.88155E+04 0.02515 
   90    1    1    1    1    1    1   90    1    1  6.28265E+04 0.02206 
   91    1    1    1    1    1    1   91    1    1  4.87185E+04 0.02881 
   92    1    1    1    1    1    1   92    1    1  3.44508E+04 0.03537 
   93    1    1    1    1    1    1   93    1    1  0.00000E+00 0.00000 
   94    1    1    1    1    1    1   94    1    1  0.00000E+00 0.00000 
   95    1    1    1    1    1    1   95    1    1  0.00000E+00 0.00000 
   96    1    1    1    1    1    1   96    1    1  0.00000E+00 0.00000 
   97    1    1    1    1    1    1   97    1    1  0.00000E+00 0.00000 
   98    1    1    1    1    1    1   98    1    1  0.00000E+00 0.00000 
   99    1    1    1    1    1    1   99    1    1  0.00000E+00 0.00000 
  100    1    1    1    1    1    1  100    1    1  0.00000E+00 0.00000 
];


DETfissR = [
 0.00000E+00  0.00000E+00  0.00000E+00
];

DETfissPHI = [
 0.00000E+00  0.00000E+00  0.00000E+00
];

