
DETfiss = [
    1    1    1    1    1    1    1    1    1    1  0.00000E+00 0.00000 
    2    1    1    1    1    1    1    2    1    1  0.00000E+00 0.00000 
    3    1    1    1    1    1    1    3    1    1  0.00000E+00 0.00000 
    4    1    1    1    1    1    1    4    1    1  0.00000E+00 0.00000 
    5    1    1    1    1    1    1    5    1    1  0.00000E+00 0.00000 
    6    1    1    1    1    1    1    6    1    1  0.00000E+00 0.00000 
    7    1    1    1    1    1    1    7    1    1  0.00000E+00 0.00000 
    8    1    1    1    1    1    1    8    1    1  0.00000E+00 0.00000 
    9    1    1    1    1    1    1    9    1    1  1.94606E+04 0.04064 
   10    1    1    1    1    1    1   10    1    1  3.12482E+04 0.02529 
   11    1    1    1    1    1    1   11    1    1  4.13068E+04 0.03496 
   12    1    1    1    1    1    1   12    1    1  5.35881E+04 0.02750 
   13    1    1    1    1    1    1   13    1    1  6.38668E+04 0.02960 
   14    1    1    1    1    1    1   14    1    1  7.10649E+04 0.02263 
   15    1    1    1    1    1    1   15    1    1  7.95490E+04 0.02439 
   16    1    1    1    1    1    1   16    1    1  8.65778E+04 0.01615 
   17    1    1    1    1    1    1   17    1    1  8.93376E+04 0.02269 
   18    1    1    1    1    1    1   18    1    1  9.46472E+04 0.01769 
   19    1    1    1    1    1    1   19    1    1  9.94850E+04 0.01888 
   20    1    1    1    1    1    1   20    1    1  1.00759E+05 0.02201 
   21    1    1    1    1    1    1   21    1    1  1.03504E+05 0.01445 
   22    1    1    1    1    1    1   22    1    1  1.08318E+05 0.02093 
   23    1    1    1    1    1    1   23    1    1  1.12819E+05 0.01649 
   24    1    1    1    1    1    1   24    1    1  1.14390E+05 0.02012 
   25    1    1    1    1    1    1   25    1    1  1.16699E+05 0.01763 
   26    1    1    1    1    1    1   26    1    1  1.21810E+05 0.01599 
   27    1    1    1    1    1    1   27    1    1  1.19803E+05 0.01577 
   28    1    1    1    1    1    1   28    1    1  1.25154E+05 0.01780 
   29    1    1    1    1    1    1   29    1    1  1.24189E+05 0.02121 
   30    1    1    1    1    1    1   30    1    1  1.25089E+05 0.01808 
   31    1    1    1    1    1    1   31    1    1  1.20545E+05 0.01725 
   32    1    1    1    1    1    1   32    1    1  1.21464E+05 0.02035 
   33    1    1    1    1    1    1   33    1    1  1.20926E+05 0.01320 
   34    1    1    1    1    1    1   34    1    1  1.22090E+05 0.01742 
   35    1    1    1    1    1    1   35    1    1  1.21977E+05 0.02209 
   36    1    1    1    1    1    1   36    1    1  1.21383E+05 0.01448 
   37    1    1    1    1    1    1   37    1    1  1.20120E+05 0.01157 
   38    1    1    1    1    1    1   38    1    1  1.18954E+05 0.01686 
   39    1    1    1    1    1    1   39    1    1  1.20025E+05 0.01427 
   40    1    1    1    1    1    1   40    1    1  1.19404E+05 0.01243 
   41    1    1    1    1    1    1   41    1    1  1.24220E+05 0.01709 
   42    1    1    1    1    1    1   42    1    1  1.21033E+05 0.01617 
   43    1    1    1    1    1    1   43    1    1  1.20503E+05 0.01753 
   44    1    1    1    1    1    1   44    1    1  1.28696E+05 0.01636 
   45    1    1    1    1    1    1   45    1    1  1.28010E+05 0.01712 
   46    1    1    1    1    1    1   46    1    1  1.24385E+05 0.02286 
   47    1    1    1    1    1    1   47    1    1  1.25515E+05 0.01887 
   48    1    1    1    1    1    1   48    1    1  1.29983E+05 0.01072 
   49    1    1    1    1    1    1   49    1    1  1.30790E+05 0.01498 
   50    1    1    1    1    1    1   50    1    1  1.29563E+05 0.01772 
   51    1    1    1    1    1    1   51    1    1  1.31787E+05 0.01440 
   52    1    1    1    1    1    1   52    1    1  1.35466E+05 0.01976 
   53    1    1    1    1    1    1   53    1    1  1.36273E+05 0.02155 
   54    1    1    1    1    1    1   54    1    1  1.39587E+05 0.01493 
   55    1    1    1    1    1    1   55    1    1  1.42552E+05 0.01245 
   56    1    1    1    1    1    1   56    1    1  1.42996E+05 0.01392 
   57    1    1    1    1    1    1   57    1    1  1.41278E+05 0.01382 
   58    1    1    1    1    1    1   58    1    1  1.42891E+05 0.01439 
   59    1    1    1    1    1    1   59    1    1  1.43086E+05 0.01060 
   60    1    1    1    1    1    1   60    1    1  1.44910E+05 0.01491 
   61    1    1    1    1    1    1   61    1    1  1.43861E+05 0.01675 
   62    1    1    1    1    1    1   62    1    1  1.44021E+05 0.00921 
   63    1    1    1    1    1    1   63    1    1  1.45862E+05 0.01084 
   64    1    1    1    1    1    1   64    1    1  1.47303E+05 0.01629 
   65    1    1    1    1    1    1   65    1    1  1.44671E+05 0.01406 
   66    1    1    1    1    1    1   66    1    1  1.49657E+05 0.01751 
   67    1    1    1    1    1    1   67    1    1  1.48513E+05 0.01911 
   68    1    1    1    1    1    1   68    1    1  1.49631E+05 0.01756 
   69    1    1    1    1    1    1   69    1    1  1.50763E+05 0.01630 
   70    1    1    1    1    1    1   70    1    1  1.49638E+05 0.01299 
   71    1    1    1    1    1    1   71    1    1  1.48398E+05 0.01380 
   72    1    1    1    1    1    1   72    1    1  1.46269E+05 0.02093 
   73    1    1    1    1    1    1   73    1    1  1.45607E+05 0.01741 
   74    1    1    1    1    1    1   74    1    1  1.42618E+05 0.02315 
   75    1    1    1    1    1    1   75    1    1  1.42429E+05 0.01572 
   76    1    1    1    1    1    1   76    1    1  1.38056E+05 0.01064 
   77    1    1    1    1    1    1   77    1    1  1.33901E+05 0.01891 
   78    1    1    1    1    1    1   78    1    1  1.30428E+05 0.01156 
   79    1    1    1    1    1    1   79    1    1  1.25929E+05 0.01162 
   80    1    1    1    1    1    1   80    1    1  1.21991E+05 0.01675 
   81    1    1    1    1    1    1   81    1    1  1.15894E+05 0.01443 
   82    1    1    1    1    1    1   82    1    1  1.11676E+05 0.01623 
   83    1    1    1    1    1    1   83    1    1  1.01262E+05 0.01558 
   84    1    1    1    1    1    1   84    1    1  9.80060E+04 0.01470 
   85    1    1    1    1    1    1   85    1    1  9.33499E+04 0.02147 
   86    1    1    1    1    1    1   86    1    1  8.59007E+04 0.01558 
   87    1    1    1    1    1    1   87    1    1  7.49908E+04 0.01901 
   88    1    1    1    1    1    1   88    1    1  6.28870E+04 0.01878 
   89    1    1    1    1    1    1   89    1    1  5.27813E+04 0.02297 
   90    1    1    1    1    1    1   90    1    1  4.31454E+04 0.02762 
   91    1    1    1    1    1    1   91    1    1  3.19828E+04 0.04836 
   92    1    1    1    1    1    1   92    1    1  2.08851E+04 0.06053 
   93    1    1    1    1    1    1   93    1    1  0.00000E+00 0.00000 
   94    1    1    1    1    1    1   94    1    1  0.00000E+00 0.00000 
   95    1    1    1    1    1    1   95    1    1  0.00000E+00 0.00000 
   96    1    1    1    1    1    1   96    1    1  0.00000E+00 0.00000 
   97    1    1    1    1    1    1   97    1    1  0.00000E+00 0.00000 
   98    1    1    1    1    1    1   98    1    1  0.00000E+00 0.00000 
   99    1    1    1    1    1    1   99    1    1  0.00000E+00 0.00000 
  100    1    1    1    1    1    1  100    1    1  0.00000E+00 0.00000 
];


DETfissR = [
 0.00000E+00  0.00000E+00  0.00000E+00
];

DETfissPHI = [
 0.00000E+00  0.00000E+00  0.00000E+00
];

