
DETfiss = [
    1    1    1    1    1    1    1    1    1    1  0.00000E+00 0.00000 
    2    1    1    1    1    1    1    2    1    1  0.00000E+00 0.00000 
    3    1    1    1    1    1    1    3    1    1  0.00000E+00 0.00000 
    4    1    1    1    1    1    1    4    1    1  0.00000E+00 0.00000 
    5    1    1    1    1    1    1    5    1    1  0.00000E+00 0.00000 
    6    1    1    1    1    1    1    6    1    1  0.00000E+00 0.00000 
    7    1    1    1    1    1    1    7    1    1  0.00000E+00 0.00000 
    8    1    1    1    1    1    1    8    1    1  0.00000E+00 0.00000 
    9    1    1    1    1    1    1    9    1    1  3.86288E+04 0.02611 
   10    1    1    1    1    1    1   10    1    1  5.71968E+04 0.02437 
   11    1    1    1    1    1    1   11    1    1  7.23709E+04 0.02169 
   12    1    1    1    1    1    1   12    1    1  8.93460E+04 0.01771 
   13    1    1    1    1    1    1   13    1    1  1.04415E+05 0.01628 
   14    1    1    1    1    1    1   14    1    1  1.15675E+05 0.01508 
   15    1    1    1    1    1    1   15    1    1  1.30151E+05 0.01279 
   16    1    1    1    1    1    1   16    1    1  1.36818E+05 0.01683 
   17    1    1    1    1    1    1   17    1    1  1.44363E+05 0.01865 
   18    1    1    1    1    1    1   18    1    1  1.47102E+05 0.01496 
   19    1    1    1    1    1    1   19    1    1  1.51394E+05 0.01739 
   20    1    1    1    1    1    1   20    1    1  1.54343E+05 0.01655 
   21    1    1    1    1    1    1   21    1    1  1.41565E+05 0.01980 
   22    1    1    1    1    1    1   22    1    1  1.39231E+05 0.01647 
   23    1    1    1    1    1    1   23    1    1  1.33149E+05 0.01660 
   24    1    1    1    1    1    1   24    1    1  1.34931E+05 0.01907 
   25    1    1    1    1    1    1   25    1    1  1.28739E+05 0.01194 
   26    1    1    1    1    1    1   26    1    1  1.27883E+05 0.01779 
   27    1    1    1    1    1    1   27    1    1  1.28901E+05 0.01426 
   28    1    1    1    1    1    1   28    1    1  1.27968E+05 0.00908 
   29    1    1    1    1    1    1   29    1    1  1.28615E+05 0.01778 
   30    1    1    1    1    1    1   30    1    1  1.29681E+05 0.01889 
   31    1    1    1    1    1    1   31    1    1  1.29604E+05 0.01791 
   32    1    1    1    1    1    1   32    1    1  1.26536E+05 0.02067 
   33    1    1    1    1    1    1   33    1    1  1.30762E+05 0.01728 
   34    1    1    1    1    1    1   34    1    1  1.29633E+05 0.01646 
   35    1    1    1    1    1    1   35    1    1  1.33336E+05 0.01573 
   36    1    1    1    1    1    1   36    1    1  1.32685E+05 0.01408 
   37    1    1    1    1    1    1   37    1    1  1.31248E+05 0.01446 
   38    1    1    1    1    1    1   38    1    1  1.33188E+05 0.01756 
   39    1    1    1    1    1    1   39    1    1  1.32197E+05 0.02333 
   40    1    1    1    1    1    1   40    1    1  1.29828E+05 0.01974 
   41    1    1    1    1    1    1   41    1    1  1.33638E+05 0.02336 
   42    1    1    1    1    1    1   42    1    1  1.30333E+05 0.02044 
   43    1    1    1    1    1    1   43    1    1  1.25369E+05 0.01863 
   44    1    1    1    1    1    1   44    1    1  1.29594E+05 0.01956 
   45    1    1    1    1    1    1   45    1    1  1.28057E+05 0.02098 
   46    1    1    1    1    1    1   46    1    1  1.22826E+05 0.02138 
   47    1    1    1    1    1    1   47    1    1  1.27560E+05 0.01801 
   48    1    1    1    1    1    1   48    1    1  1.25837E+05 0.01398 
   49    1    1    1    1    1    1   49    1    1  1.25671E+05 0.01664 
   50    1    1    1    1    1    1   50    1    1  1.30279E+05 0.01917 
   51    1    1    1    1    1    1   51    1    1  1.24629E+05 0.01757 
   52    1    1    1    1    1    1   52    1    1  1.23332E+05 0.01262 
   53    1    1    1    1    1    1   53    1    1  1.21247E+05 0.01403 
   54    1    1    1    1    1    1   54    1    1  1.22342E+05 0.01186 
   55    1    1    1    1    1    1   55    1    1  1.20231E+05 0.01949 
   56    1    1    1    1    1    1   56    1    1  1.19330E+05 0.01384 
   57    1    1    1    1    1    1   57    1    1  1.19046E+05 0.02025 
   58    1    1    1    1    1    1   58    1    1  1.14335E+05 0.01278 
   59    1    1    1    1    1    1   59    1    1  1.13467E+05 0.01707 
   60    1    1    1    1    1    1   60    1    1  1.15189E+05 0.01719 
   61    1    1    1    1    1    1   61    1    1  1.09524E+05 0.01589 
   62    1    1    1    1    1    1   62    1    1  1.08265E+05 0.01650 
   63    1    1    1    1    1    1   63    1    1  1.07506E+05 0.01689 
   64    1    1    1    1    1    1   64    1    1  1.05259E+05 0.02196 
   65    1    1    1    1    1    1   65    1    1  1.02890E+05 0.01648 
   66    1    1    1    1    1    1   66    1    1  1.04826E+05 0.02013 
   67    1    1    1    1    1    1   67    1    1  1.03971E+05 0.02643 
   68    1    1    1    1    1    1   68    1    1  1.01610E+05 0.02467 
   69    1    1    1    1    1    1   69    1    1  1.05003E+05 0.01865 
   70    1    1    1    1    1    1   70    1    1  1.04656E+05 0.02348 
   71    1    1    1    1    1    1   71    1    1  1.09893E+05 0.01935 
   72    1    1    1    1    1    1   72    1    1  1.07214E+05 0.02373 
   73    1    1    1    1    1    1   73    1    1  1.08871E+05 0.01681 
   74    1    1    1    1    1    1   74    1    1  1.11032E+05 0.02002 
   75    1    1    1    1    1    1   75    1    1  1.15468E+05 0.02491 
   76    1    1    1    1    1    1   76    1    1  1.13050E+05 0.02173 
   77    1    1    1    1    1    1   77    1    1  1.15627E+05 0.02371 
   78    1    1    1    1    1    1   78    1    1  1.14445E+05 0.01730 
   79    1    1    1    1    1    1   79    1    1  1.11927E+05 0.01756 
   80    1    1    1    1    1    1   80    1    1  1.13164E+05 0.02019 
   81    1    1    1    1    1    1   81    1    1  1.16401E+05 0.01929 
   82    1    1    1    1    1    1   82    1    1  1.17416E+05 0.01621 
   83    1    1    1    1    1    1   83    1    1  1.14642E+05 0.01397 
   84    1    1    1    1    1    1   84    1    1  1.09333E+05 0.01526 
   85    1    1    1    1    1    1   85    1    1  1.03898E+05 0.01605 
   86    1    1    1    1    1    1   86    1    1  9.34834E+04 0.01964 
   87    1    1    1    1    1    1   87    1    1  8.65594E+04 0.02475 
   88    1    1    1    1    1    1   88    1    1  7.22247E+04 0.02183 
   89    1    1    1    1    1    1   89    1    1  6.20298E+04 0.02349 
   90    1    1    1    1    1    1   90    1    1  5.44518E+04 0.02510 
   91    1    1    1    1    1    1   91    1    1  4.03047E+04 0.02726 
   92    1    1    1    1    1    1   92    1    1  2.66430E+04 0.04694 
   93    1    1    1    1    1    1   93    1    1  0.00000E+00 0.00000 
   94    1    1    1    1    1    1   94    1    1  0.00000E+00 0.00000 
   95    1    1    1    1    1    1   95    1    1  0.00000E+00 0.00000 
   96    1    1    1    1    1    1   96    1    1  0.00000E+00 0.00000 
   97    1    1    1    1    1    1   97    1    1  0.00000E+00 0.00000 
   98    1    1    1    1    1    1   98    1    1  0.00000E+00 0.00000 
   99    1    1    1    1    1    1   99    1    1  0.00000E+00 0.00000 
  100    1    1    1    1    1    1  100    1    1  0.00000E+00 0.00000 
];


DETfissR = [
 0.00000E+00  0.00000E+00  0.00000E+00
];

DETfissPHI = [
 0.00000E+00  0.00000E+00  0.00000E+00
];

