
DETfiss = [
    1    1    1    1    1    1    1    1    1    1  0.00000E+00 0.00000 
    2    1    1    1    1    1    1    2    1    1  0.00000E+00 0.00000 
    3    1    1    1    1    1    1    3    1    1  0.00000E+00 0.00000 
    4    1    1    1    1    1    1    4    1    1  0.00000E+00 0.00000 
    5    1    1    1    1    1    1    5    1    1  0.00000E+00 0.00000 
    6    1    1    1    1    1    1    6    1    1  0.00000E+00 0.00000 
    7    1    1    1    1    1    1    7    1    1  0.00000E+00 0.00000 
    8    1    1    1    1    1    1    8    1    1  0.00000E+00 0.00000 
    9    1    1    1    1    1    1    9    1    1  3.19375E+04 0.02298 
   10    1    1    1    1    1    1   10    1    1  5.26750E+04 0.02045 
   11    1    1    1    1    1    1   11    1    1  6.60819E+04 0.02013 
   12    1    1    1    1    1    1   12    1    1  7.87681E+04 0.01981 
   13    1    1    1    1    1    1   13    1    1  9.64806E+04 0.01725 
   14    1    1    1    1    1    1   14    1    1  1.09463E+05 0.01918 
   15    1    1    1    1    1    1   15    1    1  1.14573E+05 0.01915 
   16    1    1    1    1    1    1   16    1    1  1.22832E+05 0.01712 
   17    1    1    1    1    1    1   17    1    1  1.31440E+05 0.01620 
   18    1    1    1    1    1    1   18    1    1  1.39596E+05 0.01099 
   19    1    1    1    1    1    1   19    1    1  1.42455E+05 0.01049 
   20    1    1    1    1    1    1   20    1    1  1.43736E+05 0.01398 
   21    1    1    1    1    1    1   21    1    1  1.37137E+05 0.01666 
   22    1    1    1    1    1    1   22    1    1  1.36826E+05 0.01612 
   23    1    1    1    1    1    1   23    1    1  1.35696E+05 0.01654 
   24    1    1    1    1    1    1   24    1    1  1.37162E+05 0.01904 
   25    1    1    1    1    1    1   25    1    1  1.34194E+05 0.01227 
   26    1    1    1    1    1    1   26    1    1  1.30974E+05 0.01503 
   27    1    1    1    1    1    1   27    1    1  1.34632E+05 0.01315 
   28    1    1    1    1    1    1   28    1    1  1.38014E+05 0.01739 
   29    1    1    1    1    1    1   29    1    1  1.39401E+05 0.01441 
   30    1    1    1    1    1    1   30    1    1  1.38760E+05 0.01687 
   31    1    1    1    1    1    1   31    1    1  1.32553E+05 0.01721 
   32    1    1    1    1    1    1   32    1    1  1.34672E+05 0.01958 
   33    1    1    1    1    1    1   33    1    1  1.30802E+05 0.01130 
   34    1    1    1    1    1    1   34    1    1  1.23496E+05 0.01308 
   35    1    1    1    1    1    1   35    1    1  1.25381E+05 0.01095 
   36    1    1    1    1    1    1   36    1    1  1.30282E+05 0.01851 
   37    1    1    1    1    1    1   37    1    1  1.31330E+05 0.01492 
   38    1    1    1    1    1    1   38    1    1  1.29654E+05 0.01344 
   39    1    1    1    1    1    1   39    1    1  1.27099E+05 0.01599 
   40    1    1    1    1    1    1   40    1    1  1.25966E+05 0.01693 
   41    1    1    1    1    1    1   41    1    1  1.28819E+05 0.01783 
   42    1    1    1    1    1    1   42    1    1  1.27407E+05 0.01592 
   43    1    1    1    1    1    1   43    1    1  1.30732E+05 0.01436 
   44    1    1    1    1    1    1   44    1    1  1.34258E+05 0.01762 
   45    1    1    1    1    1    1   45    1    1  1.32237E+05 0.01725 
   46    1    1    1    1    1    1   46    1    1  1.28497E+05 0.02123 
   47    1    1    1    1    1    1   47    1    1  1.24194E+05 0.02022 
   48    1    1    1    1    1    1   48    1    1  1.24404E+05 0.01942 
   49    1    1    1    1    1    1   49    1    1  1.27844E+05 0.02490 
   50    1    1    1    1    1    1   50    1    1  1.22086E+05 0.02358 
   51    1    1    1    1    1    1   51    1    1  1.18225E+05 0.01763 
   52    1    1    1    1    1    1   52    1    1  1.16948E+05 0.01722 
   53    1    1    1    1    1    1   53    1    1  1.14319E+05 0.01454 
   54    1    1    1    1    1    1   54    1    1  1.17701E+05 0.01962 
   55    1    1    1    1    1    1   55    1    1  1.19342E+05 0.02073 
   56    1    1    1    1    1    1   56    1    1  1.18247E+05 0.01603 
   57    1    1    1    1    1    1   57    1    1  1.14173E+05 0.01999 
   58    1    1    1    1    1    1   58    1    1  1.18245E+05 0.01967 
   59    1    1    1    1    1    1   59    1    1  1.17545E+05 0.01190 
   60    1    1    1    1    1    1   60    1    1  1.18478E+05 0.02014 
   61    1    1    1    1    1    1   61    1    1  1.21480E+05 0.01640 
   62    1    1    1    1    1    1   62    1    1  1.19342E+05 0.01366 
   63    1    1    1    1    1    1   63    1    1  1.13092E+05 0.01122 
   64    1    1    1    1    1    1   64    1    1  1.12320E+05 0.02004 
   65    1    1    1    1    1    1   65    1    1  1.11501E+05 0.02023 
   66    1    1    1    1    1    1   66    1    1  1.10764E+05 0.01841 
   67    1    1    1    1    1    1   67    1    1  1.09207E+05 0.02099 
   68    1    1    1    1    1    1   68    1    1  1.08719E+05 0.01708 
   69    1    1    1    1    1    1   69    1    1  1.09575E+05 0.01909 
   70    1    1    1    1    1    1   70    1    1  1.09229E+05 0.02380 
   71    1    1    1    1    1    1   71    1    1  1.12134E+05 0.02052 
   72    1    1    1    1    1    1   72    1    1  1.12594E+05 0.01192 
   73    1    1    1    1    1    1   73    1    1  1.12290E+05 0.01332 
   74    1    1    1    1    1    1   74    1    1  1.12506E+05 0.01265 
   75    1    1    1    1    1    1   75    1    1  1.12464E+05 0.01484 
   76    1    1    1    1    1    1   76    1    1  1.11750E+05 0.01766 
   77    1    1    1    1    1    1   77    1    1  1.13123E+05 0.01828 
   78    1    1    1    1    1    1   78    1    1  1.12578E+05 0.02240 
   79    1    1    1    1    1    1   79    1    1  1.12731E+05 0.02350 
   80    1    1    1    1    1    1   80    1    1  1.13217E+05 0.01970 
   81    1    1    1    1    1    1   81    1    1  1.11586E+05 0.01890 
   82    1    1    1    1    1    1   82    1    1  1.13960E+05 0.02054 
   83    1    1    1    1    1    1   83    1    1  1.12636E+05 0.01749 
   84    1    1    1    1    1    1   84    1    1  1.10163E+05 0.01722 
   85    1    1    1    1    1    1   85    1    1  1.06791E+05 0.02473 
   86    1    1    1    1    1    1   86    1    1  9.74225E+04 0.01829 
   87    1    1    1    1    1    1   87    1    1  9.20504E+04 0.02121 
   88    1    1    1    1    1    1   88    1    1  8.02865E+04 0.02526 
   89    1    1    1    1    1    1   89    1    1  6.81910E+04 0.01871 
   90    1    1    1    1    1    1   90    1    1  5.84552E+04 0.03518 
   91    1    1    1    1    1    1   91    1    1  4.56096E+04 0.03479 
   92    1    1    1    1    1    1   92    1    1  2.98520E+04 0.03716 
   93    1    1    1    1    1    1   93    1    1  0.00000E+00 0.00000 
   94    1    1    1    1    1    1   94    1    1  0.00000E+00 0.00000 
   95    1    1    1    1    1    1   95    1    1  0.00000E+00 0.00000 
   96    1    1    1    1    1    1   96    1    1  0.00000E+00 0.00000 
   97    1    1    1    1    1    1   97    1    1  0.00000E+00 0.00000 
   98    1    1    1    1    1    1   98    1    1  0.00000E+00 0.00000 
   99    1    1    1    1    1    1   99    1    1  0.00000E+00 0.00000 
  100    1    1    1    1    1    1  100    1    1  0.00000E+00 0.00000 
];


DETfissR = [
 0.00000E+00  0.00000E+00  0.00000E+00
];

DETfissPHI = [
 0.00000E+00  0.00000E+00  0.00000E+00
];

